\\ Список адресов и паролей
\\ 16.59.17 28.06.2020

     Адреса          Пароли         
 1   1230            xRwPbExF               
 2   1               0              
 3   2               01             
 4   3               012            
 5   4               0123           
 6   5               01234          
 7   6               012345         
 8   7               0123456        
 9   8               01234567       
 10  9               012345678      
 11  10              0123456789     
 12  11              0123456789a    
 13  12              0123456789ab   
 14  0                              
 15  0                              
 16  0                              
 17  0                              
 18  0                              
 19  0                              
 20  0                              
 21  0                              
 22  0                              
 23  0                              
 24  0                              
 25  0                              
 26  0                              
 27  0                              
 28  0                              
 29  0                              
 30  0                              
 31  0                              
 32  0                              
 33  0                              
 34  0                              
 35  0                              
 36  0                              
 37  0                              
 38  0                              
 39  0                              
 40  0                              
 41  0                              
 42  0                              
 43  0                              
 44  0                              
 45  0                              
 46  0                              
 47  0                              
 48  0                              
 49  0                              
 50  0                              
 51  0                              
 52  0                              
 53  0                              
 54  0                              
 55  0                              
 56  0                              
 57  0                              
 58  0                              
 59  0                              
 60  0                              
 61  0                              
 62  0                              
 63  0                              
 64  0                              

\\ конец файла
