\\ Список каналов
\\ 18.11.30 25.04.2020

 №   Порт      Телефон   Устройство          Адрес     Канал       К трансф.   К преобр.   К потерь,%  Счётчики    К пропорц. 
 1   4         0         СЕ303 NNCL2         1         1           1,000       5000,000    0,000       0,000                  
 2   4         0         СЕ303 NNCL2         1         2           1,000       500,000     0,000       0,000                  
 3   4         0         СЕ303 NNCL2         1         3           1,000       500,000     0,000       0,000                  
 4   4         0         СЕ303 NNCL2         1         4           1,000       500,000     0,000       0,000                  
 5   4         0         СЕ301 NNCL2         1         1           1,000       500,000     0,000       0,000                  
 6   4         0         СЕ301 NNCL2         1         2           1,000       500,000     0,000       0,000                  
 7   4         0         СЕ102 NNCL2         2         1           1,000       500,000     0,000       0,000                  
 8   1         0         нет                 0         1           1,000       500,000     0,000       0,000                  
 9   1         0         нет                 0         1           1,000       500,000     0,000       0,000                  
 10  1         0         нет                 0         1           1,000       500,000     0,000       0,000                  
 11  1         0         нет                 0         1           1,000       500,000     0,000       0,000                  
 12  1         0         нет                 0         1           1,000       500,000     0,000       0,000                  
 13  1         0         нет                 0         1           1,000       500,000     0,000       0,000                  
 14  1         0         нет                 0         1           1,000       500,000     0,000       0,000                  
 15  1         0         нет                 0         1           1,000       500,000     0,000       0,000                  
 16  1         0         нет                 0         1           1,000       500,000     0,000       0,000                  
 17  1         0         нет                 0         1           1,000       500,000     0,000       0,000                  
 18  1         0         нет                 0         1           1,000       500,000     0,000       0,000                  
 19  1         0         нет                 0         1           1,000       500,000     0,000       0,000                  
 20  1         0         нет                 0         1           1,000       500,000     0,000       0,000                  
 21  1         0         нет                 0         1           1,000       500,000     0,000       0,000                  
 22  1         0         нет                 0         1           1,000       500,000     0,000       0,000                  
 23  1         0         нет                 0         1           1,000       500,000     0,000       0,000                  
 24  1         0         нет                 0         1           1,000       500,000     0,000       0,000                  
 25  1         0         нет                 0         1           1,000       500,000     0,000       0,000                  
 26  1         0         нет                 0         1           1,000       500,000     0,000       0,000                  
 27  1         0         нет                 0         1           1,000       500,000     0,000       0,000                  
 28  1         0         нет                 0         1           1,000       500,000     0,000       0,000                  
 29  1         0         нет                 0         1           1,000       500,000     0,000       0,000                  
 30  1         0         нет                 0         1           1,000       500,000     0,000       0,000                  
 31  1         0         нет                 0         1           1,000       500,000     0,000       0,000                  
 32  1         0         нет                 0         1           1,000       500,000     0,000       0,000                  
 33  1         0         нет                 0         1           1,000       500,000     0,000       0,000                  
 34  1         0         нет                 0         1           1,000       500,000     0,000       0,000                  
 35  1         0         нет                 0         1           1,000       500,000     0,000       0,000                  
 36  1         0         нет                 0         1           1,000       500,000     0,000       0,000                  
 37  1         0         нет                 0         1           1,000       500,000     0,000       0,000                  
 38  1         0         нет                 0         1           1,000       500,000     0,000       0,000                  
 39  1         0         нет                 0         1           1,000       500,000     0,000       0,000                  
 40  1         0         нет                 0         1           1,000       500,000     0,000       0,000                  
 41  1         0         нет                 0         1           1,000       500,000     0,000       0,000                  
 42  1         0         нет                 0         1           1,000       500,000     0,000       0,000                  
 43  1         0         нет                 0         1           1,000       500,000     0,000       0,000                  
 44  1         0         нет                 0         1           1,000       500,000     0,000       0,000                  
 45  1         0         нет                 0         1           1,000       500,000     0,000       0,000                  
 46  1         0         нет                 0         1           1,000       500,000     0,000       0,000                  
 47  1         0         нет                 0         1           1,000       500,000     0,000       0,000                  
 48  1         0         нет                 0         1           1,000       500,000     0,000       0,000                  
 49  1         0         нет                 0         1           1,000       500,000     0,000       0,000                  
 50  1         0         нет                 0         1           1,000       500,000     0,000       0,000                  
 51  1         0         нет                 0         1           1,000       500,000     0,000       0,000                  
 52  1         0         нет                 0         1           1,000       500,000     0,000       0,000                  
 53  1         0         нет                 0         1           1,000       500,000     0,000       0,000                  
 54  1         0         нет                 0         1           1,000       500,000     0,000       0,000                  
 55  1         0         нет                 0         1           1,000       500,000     0,000       0,000                  
 56  1         0         нет                 0         1           1,000       500,000     0,000       0,000                  
 57  1         0         нет                 0         1           1,000       500,000     0,000       0,000                  
 58  1         0         нет                 0         1           1,000       500,000     0,000       0,000                  
 59  1         0         нет                 0         1           1,000       500,000     0,000       0,000                  
 60  1         0         нет                 0         1           1,000       500,000     0,000       0,000                  
 61  1         0         нет                 0         1           1,000       500,000     0,000       0,000                  
 62  1         0         нет                 0         1           1,000       500,000     0,000       0,000                  
 63  1         0         нет                 0         1           1,000       500,000     0,000       0,000                  
 64  1         0         нет                 0         1           1,000       500,000     0,000       0,000                  

\\ конец файла
